,Made Donation in March 2007
659,0.4476276123469581
276,0.08598068569145251
263,0.29573706475141337
303,0.28126701640622925
83,0.478907477642958
500,0.7194169245235517
530,0.3211177783435603
244,0.11999714683904732
249,0.017840877459632858
728,0.07499881166304138
129,0.1551828263621911
534,0.13760742254203373
317,0.26550865793619594
401,0.29573706475141337
696,0.289784183572336
192,0.1604310525427657
176,0.21033379154572995
571,0.40692110872619247
139,0.06386406195697877
423,0.2985705680724362
563,0.400819378576027
56,0.3065692072816854
528,0.3465483265132715
101,0.29573706475141337
467,0.26190791977276906
382,0.2987317453125938
466,0.3359171042123608
294,0.11999714683904732
512,0.3015188084966257
659,0.4476276123469581
389,0.3189922967069968
487,0.03135288127745937
701,0.34463063456534065
419,0.24963090290142448
536,0.19819533343909912
240,0.2215782567267915
508,0.23010183342861873
515,0.11999714683904732
283,0.33327062593329504
650,0.29573706475141337
65,0.3638334866147144
228,0.12395902116441021
741,0.0593961750328072
297,0.3572051250570387
464,0.11379487242185263
63,0.34463063456534065
231,0.33493351784845293
28,0.10690903144606434
248,0.11999714683904732
357,0.14655892104090235
300,0.48503520085497287
726,0.6129779419138961
680,0.14268190205940884
520,0.29186010419974584
254,0.04113814267091908
582,0.17640934684010715
143,0.22374706989984366
98,0.3741873922338341
1,0.29641777212289516
221,0.48410178779233826
352,0.29573706475141337
64,0.11820310704764769
138,0.2430976388640754
745,0.3746839280757985
64,0.11820310704764769
688,0.09184532537579122
623,0.113530679780299
289,0.14825016915925712
174,0.30251849237960143
690,0.29573706475141337
105,0.1680076096081353
427,0.12099227473279905
48,0.009085756732419698
14,0.29573706475141337
657,0.04084431708831096
301,0.133497145512473
455,0.1192101027415612
579,0.2738427995780494
722,0.10354285586968555
98,0.3741873922338341
491,0.009085756732419698
303,0.28126701640622925
466,0.3359171042123608
65,0.3638334866147144
300,0.48503520085497287
9,0.05842552916043204
622,0.1604310525427657
323,0.09331882607470321
289,0.14825016915925712
568,0.330360110561285
290,0.29573706475141337
156,0.16930658033407361
464,0.11379487242185263
426,0.10925524281743443
306,0.19031661979323128
4,0.26730393521705387
12,0.3263430787933154
187,0.2368658379293982
406,0.05262030396843265
96,0.3211177783435603
509,0.34463063456534065
733,0.13190858452262727
548,0.058015700675713947
478,0.22792541425816537
501,0.16469770825364807
127,0.39091684782540387
199,0.1832501135170557
299,0.40234011705822725
162,0.29573706475141337
235,0.11234299874038516
23,0.1925063098311761
473,0.29573706475141337
487,0.03135288127745937
683,0.38809028682773866
303,0.28126701640622925
309,0.03897170939718528
569,0.04721148654370897
34,0.3602249217509853
686,0.5797107076384207
84,0.29069313449558
733,0.13190858452262727
537,0.4252578461427699
181,0.15429352452041875
453,0.772984098536976
67,0.38975470647386773
161,0.43960891275483466
307,0.2671470895908572
703,0.17711998595161604
181,0.15429352452041875
246,0.13314697339029832
316,0.3357139736478978
278,0.1604310525427657
346,0.18435727270186306
545,0.29573706475141337
419,0.24963090290142448
694,0.3211177783435603
622,0.1604310525427657
663,0.07195574898495212
262,0.5645321503315509
461,0.2655943979327137
373,0.8776276041260258
233,0.29573706475141337
466,0.3359171042123608
207,0.22374706989984366
263,0.29573706475141337
16,0.04721148654370897
513,0.04846887375735931
449,0.28901563499726896
429,0.0307472476213871
701,0.34463063456534065
632,0.04690657839887673
529,0.4897037022409401
245,0.25188781206719196
344,0.11474527200266069
353,0.1158890652644749
241,0.2970764692484282
633,0.09819770925719387
624,0.34463063456534065
726,0.6129779419138961
189,0.1604310525427657
138,0.2430976388640754
402,0.11999714683904732
511,0.3530337601077217
590,0.35422540818640164
334,0.21727243588920261
447,0.07071993531473475
119,0.3359171042123608
389,0.3189922967069968
644,0.29573706475141337
423,0.2985705680724362
131,0.04721148654370897
405,0.007268752949898371
82,0.29573706475141337
643,0.9194655244854056
156,0.16930658033407361
617,0.05520605045505034
574,0.37111844407470423
272,0.27598376592799195
613,0.09490921691066347
545,0.29573706475141337
685,0.11999714683904732
570,0.1729683350967179
537,0.4252578461427699
691,0.09819770925719387
85,0.4403633952175865
483,0.13314697339029832
455,0.1192101027415612
93,0.1604310525427657
744,0.34463063456534065
33,0.13314697339029832
321,0.6908464214342042
523,0.23052495266653014
426,0.10925524281743443
196,0.10559830077204373
301,0.133497145512473
103,0.09819770925719387
224,0.06321934800268715
454,0.07077259302512322
585,0.04864152382968838
154,0.3252703886144377
